11111111111111111111111111111111111111111111111111111111111
10000000000000000000000000000000000000000000000000000000001
10000000230000000000000000000000000000004400000011111000001
10000001111100000001111100000000920000000000002220004000001
10000000000000300000000000000000000000000000000330000000001
10000000000000000000000000000000000000011111000000000000001
10000000000000000000000000000000000000011111000000000000001
10000000000000300000000000000000000000000000000110000000001
10000000000000000000000040000000000000000000 00110000000001
10000000000000300000000000000000000000000000000110000000001
11111111111111000000000000000000000000000000000110000000001
10000000000000000000000000000000000000011111000000000000001
10000000000000000000200000003000440000000000000110000000001
10000000000000000400000000000000000000000000000000000000001
10000400000000000000000000000000000000000000000420000000001
10000000000000000000000000000000000000000000100030000000001
10000000000000000000200000003000440000000000000000000000001
10000000000400000000200000003000440000000000000000000000001
10000000000000000000002000000000000000000000000000300000001
10000000000000000000002000000000000000000000000000300000001
10000000000000000000002000000000000000000000000000300000001
10000000000000000000002000000000000000000000000000300000001
10000000000000300000200000003000440000000000000000000000001
11111111111111111111111111111111111111111111111111111111111